c parameter for the structure
   36   nzone
      0.0   1221.5    13.0885   0.0000  -8.8381   0.0000
                      11.2622   0.0000  -6.3640   0.0000
                      11.2622   0.0000  -6.3640   0.0000
                       3.6678   0.0000  -4.4475   0.0000
                       3.6678   0.0000  -4.4475   0.0000
                       1.0000   0.0000   0.0000   0.0000    84.6    1327.7
   1221.5   3480.0    12.5815  -1.2638  -3.6426  -5.5281
                      11.0487  -4.0362   4.8023 -13.5732
                      11.0487  -4.0362   4.8023 -13.5732
                       0.0000   0.0000   0.0000   0.0000
                       0.0000   0.0000   0.0000   0.0000
                       1.0000   0.0000   0.0000   0.0000    -1.0   57823.0
   3480.0   3500.0     7.3104  -3.1927   0.0000   0.0000
                      14.5704  -1.5630   0.0000   0.0000
                      14.5704  -1.5630   0.0000   0.0000
                       7.2290   0.0653   0.0000   0.0000
                       7.2290   0.0653   0.0000   0.0000
                       1.0000   0.0000   0.0000   0.0000  312.0  57823.0
   3500.0   3520.0     7.3089  -3.1900   0.0000   0.0000
                      14.5654  -1.5539   0.0000   0.0000
                      14.5654  -1.5539   0.0000   0.0000
                       7.2306   0.0624   0.0000   0.0000
                       7.2306   0.0624   0.0000   0.0000
                       1.0000   0.0000   0.0000   0.0000  312.0  57823.0
   3520.0   3540.0     7.3073  -3.1871   0.0000   0.0000
                      14.5615  -1.5469   0.0000   0.0000
                      14.5615  -1.5469   0.0000   0.0000
                       7.2322   0.0595   0.0000   0.0000
                       7.2322   0.0595   0.0000   0.0000
                       1.0000   0.0000   0.0000   0.0000  312.0  57823.0
   3540.0   3560.0     7.3061  -3.1850   0.0000   0.0000
                      14.5566  -1.5381   0.0000   0.0000
                      14.5566  -1.5381   0.0000   0.0000
                       7.2335   0.0571   0.0000   0.0000
                       7.2335   0.0571   0.0000   0.0000
                       1.0000   0.0000   0.0000   0.0000  312.0  57823.0
   3560.0   3580.0     7.3046  -3.1822   0.0000   0.0000
                      14.5522  -1.5302   0.0000   0.0000
                      14.5522  -1.5302   0.0000   0.0000
                       7.2355   0.0535   0.0000   0.0000
                       7.2355   0.0535   0.0000   0.0000
                       1.0000   0.0000   0.0000   0.0000  312.0  57823.0
   3580.0   3600.0     7.3036  -3.1804   0.0000   0.0000
                      14.5481  -1.5229   0.0000   0.0000
                      14.5481  -1.5229   0.0000   0.0000
                       7.2367   0.0513   0.0000   0.0000
                       7.2367   0.0513   0.0000   0.0000
                       1.0000   0.0000   0.0000   0.0000  312.0  57823.0
   3600.0   3620.0     7.3025  -3.1786   0.0000   0.0000
                      14.5440  -1.5156   0.0000   0.0000
                      14.5440  -1.5156   0.0000   0.0000
                       7.2384   0.0485   0.0000   0.0000
                       7.2384   0.0485   0.0000   0.0000
                       1.0000   0.0000   0.0000   0.0000  312.0  57823.0
   3620.0   3640.0     7.3015  -3.1768   0.0000   0.0000
                      16.3129  -4.6289   0.0000   0.0000
                      16.3129  -4.6289   0.0000   0.0000
                       8.0911  -1.4523   0.0000   0.0000
                       8.0911  -1.4523   0.0000   0.0000
                       1.0000   0.0000   0.0000   0.0000  312.0  57823.0
   3640.0   3740.0     7.2992  -3.1728   0.0000   0.0000
                      18.0355  -7.6439   0.0000   0.0000
                      18.0355  -7.6439   0.0000   0.0000
                       8.9164  -2.8968   0.0000   0.0000
                       8.9164  -2.8968   0.0000   0.0000
                       1.0000   0.0000   0.0000   0.0000  312.0  57823.0
   3740.0   3840.0     7.2973  -3.1696   0.0000   0.0000
                      17.9514  -7.5005   0.0000   0.0000
                      17.9514  -7.5005   0.0000   0.0000
                       8.8958  -2.8617   0.0000   0.0000
                       8.8958  -2.8617   0.0000   0.0000
                       1.0000   0.0000   0.0000   0.0000  312.0  57823.0
   3840.0   3940.0     7.2981  -3.1709   0.0000   0.0000
                      17.8887  -7.3966   0.0000   0.0000
                      17.8887  -7.3966   0.0000   0.0000
                       8.8829  -2.8404   0.0000   0.0000
                       8.8829  -2.8404   0.0000   0.0000
                       1.0000   0.0000   0.0000   0.0000  312.0  57823.0
   3940.0   4040.0     7.3017  -3.1767   0.0000   0.0000
                      17.8487  -7.3319   0.0000   0.0000
                      17.8487  -7.3319   0.0000   0.0000
                       8.8782  -2.8327   0.0000   0.0000
                       8.8782  -2.8327   0.0000   0.0000
                       1.0000   0.0000   0.0000   0.0000  312.0  57823.0
   4040.0   4140.0     7.3084  -3.1872   0.0000   0.0000
                      17.8330  -7.3071   0.0000   0.0000
                      17.8330  -7.3071   0.0000   0.0000
                       8.8821  -2.8388   0.0000   0.0000
                       8.8821  -2.8388   0.0000   0.0000
                       1.0000   0.0000   0.0000   0.0000  312.0  57823.0
   4140.0   4240.0     7.3181  -3.2022   0.0000   0.0000
                      17.8423  -7.3214   0.0000   0.0000
                      17.8423  -7.3214   0.0000   0.0000
                       8.8947  -2.8583   0.0000   0.0000
                       8.8947  -2.8583   0.0000   0.0000
                       1.0000   0.0000   0.0000   0.0000  312.0  57823.0
   4240.0   4340.0     7.3311  -3.2217   0.0000   0.0000
                      17.8779  -7.3749   0.0000   0.0000
                      17.8779  -7.3749   0.0000   0.0000
                       8.9171  -2.8920   0.0000   0.0000
                       8.9171  -2.8920   0.0000   0.0000
                       1.0000   0.0000   0.0000   0.0000  312.0  57823.0
   4340.0   4440.0     7.3475  -3.2458   0.0000   0.0000
                      17.9413  -7.4680   0.0000   0.0000
                      17.9413  -7.4680   0.0000   0.0000
                       8.9492  -2.9391   0.0000   0.0000
                       8.9492  -2.9391   0.0000   0.0000
                       1.0000   0.0000   0.0000   0.0000  312.0  57823.0
   4440.0   4540.0     7.3675  -3.2745   0.0000   0.0000
                      18.0335  -7.6002   0.0000   0.0000
                      18.0335  -7.6002   0.0000   0.0000
                       8.9917  -3.0000   0.0000   0.0000
                       8.9917  -3.0000   0.0000   0.0000
                       1.0000   0.0000   0.0000   0.0000  312.0  57823.0
   4540.0   4640.0     7.3911  -3.3076   0.0000   0.0000
                      18.1560  -7.7722   0.0000   0.0000
                      18.1560  -7.7722   0.0000   0.0000
                       9.0448  -3.0746   0.0000   0.0000
                       9.0448  -3.0746   0.0000   0.0000
                       1.0000   0.0000   0.0000   0.0000  312.0  57823.0
   4640.0   4740.0     7.4187  -3.3454   0.0000   0.0000
                      18.3099  -7.9834   0.0000   0.0000
                      18.3099  -7.9834   0.0000   0.0000
                       9.1092  -3.1629   0.0000   0.0000
                       9.1092  -3.1629   0.0000   0.0000
                       1.0000   0.0000   0.0000   0.0000  312.0  57823.0
   4740.0   4840.0     7.4501  -3.3877   0.0000   0.0000
                      18.4960  -8.2336   0.0000   0.0000
                      18.4960  -8.2336   0.0000   0.0000
                       9.1851  -3.2650   0.0000   0.0000
                       9.1851  -3.2650   0.0000   0.0000
                       1.0000   0.0000   0.0000   0.0000  312.0  57823.0
   4840.0   4940.0     7.4857  -3.4345   0.0000   0.0000
                      18.7165  -8.5239   0.0000   0.0000
                      18.7165  -8.5239   0.0000   0.0000
                       9.2730  -3.3806   0.0000   0.0000
                       9.2730  -3.3806   0.0000   0.0000
                       1.0000   0.0000   0.0000   0.0000  312.0  57823.0
   4940.0   5040.0     7.5256  -3.4860   0.0000   0.0000
                      18.9718  -8.8531   0.0000   0.0000
                      18.9718  -8.8531   0.0000   0.0000
                       9.3734  -3.5101   0.0000   0.0000
                       9.3734  -3.5101   0.0000   0.0000
                       1.0000   0.0000   0.0000   0.0000  312.0  57823.0
   5040.0   5140.0     7.5699  -3.5420   0.0000   0.0000
                      19.2633  -9.2216   0.0000   0.0000
                      19.2633  -9.2216   0.0000   0.0000
                       9.4867  -3.6534   0.0000   0.0000
                       9.4867  -3.6534   0.0000   0.0000
                       1.0000   0.0000   0.0000   0.0000  312.0  57823.0
   5140.0   5240.0     7.6187  -3.6025   0.0000   0.0000
                      19.5927  -9.6299   0.0000   0.0000
                      19.5927  -9.6299   0.0000   0.0000
                       9.6132  -3.8102   0.0000   0.0000
                       9.6132  -3.8102   0.0000   0.0000
                       1.0000   0.0000   0.0000   0.0000  312.0  57823.0
   5240.0   5340.0     7.6723  -3.6676   0.0000   0.0000
                      19.9609 -10.0775   0.0000   0.0000
                      19.9609 -10.0775   0.0000   0.0000
                       9.7535  -3.9808   0.0000   0.0000
                       9.7535  -3.9808   0.0000   0.0000
                       1.0000   0.0000   0.0000   0.0000  312.0  57823.0
   5340.0   5600.0     7.7810  -3.7973   0.0000   0.0000
                      20.7268 -10.9913   0.0000   0.0000
                      20.7268 -10.9913   0.0000   0.0000
                      10.0427  -4.3258   0.0000   0.0000
                      10.0427  -4.3258   0.0000   0.0000
                       1.0000   0.0000   0.0000   0.0000  312.0  57823.0
   5600.0   5701.0     7.9565  -6.4761   5.5283  -3.0807
                      29.2766 -23.6027   5.5242  -2.5514
                      29.2766 -23.6027   5.5242  -2.5514
                      22.3459 -17.2473  -2.0834   0.9783
                      22.3459 -17.2473  -2.0834   0.9783
                       1.0000   0.0000   0.0000   0.0000   312.0   57823.0
   5701.0   5771.0     5.3197  -1.4836   0.0000   0.0000
                      19.0957  -9.8672   0.0000   0.0000
                      19.0957  -9.8672   0.0000   0.0000
                       9.9839  -4.9324   0.0000   0.0000
                       9.9839  -4.9324   0.0000   0.0000
                       1.0000   0.0000   0.0000   0.0000   143.0   57823.0
   5771.0   5971.0    11.2494  -8.0298   0.0000   0.0000
                      39.7027 -32.6166   0.0000   0.0000
                      39.7027 -32.6166   0.0000   0.0000
                      22.3512 -18.5856   0.0000   0.0000
                      22.3512 -18.5856   0.0000   0.0000
                       1.0000   0.0000   0.0000   0.0000   143.0   57823.0
   5971.0   6151.0     7.1089  -3.8045   0.0000   0.0000
                      20.3926 -12.2569   0.0000   0.0000
                      20.3926 -12.2569   0.0000   0.0000
                       8.9496  -4.4597   0.0000   0.0000
                       8.9496  -4.4597   0.0000   0.0000
                       1.0000   0.0000   0.0000   0.0000   143.0   57823.0
   6151.0   6291.0     2.6910   0.6924   0.0000   0.0000
                       0.8317   7.2180   0.0000   0.0000
                       3.5908   4.6172   0.0000   0.0000
                       5.8582  -1.4678   0.0000   0.0000
                      -1.0839   5.7176   0.0000   0.0000
                       3.3687  -2.4778   0.0000   0.0000    80.0   57823.0
   6291.0   6346.6     2.6910   0.6924   0.0000   0.0000
                       0.8317   7.2180   0.0000   0.0000
                       3.5908   4.6172   0.0000   0.0000
                       5.8582  -1.4678   0.0000   0.0000
                      -1.0839   5.7176   0.0000   0.0000
                       3.3687  -2.4778   0.0000   0.0000   600.0   57823.0
   6346.6   6356.0     2.9000   0.0000   0.0000   0.0000
                       6.8000   0.0000   0.0000   0.0000
                       6.8000   0.0000   0.0000   0.0000
                       3.9000   0.0000   0.0000   0.0000
                       3.9000   0.0000   0.0000   0.0000
                       1.0000   0.0000   0.0000   0.0000   600.0   57823.0
   6356.0   6371.0     2.6000   0.0000   0.0000   0.0000
                       5.8000   0.0000   0.0000   0.0000
                       5.8000   0.0000   0.0000   0.0000
                       3.2000   0.0000   0.0000   0.0000
                       3.2000   0.0000   0.0000   0.0000
                       1.0000   0.0000   0.0000   0.0000   600.0   57823.0
